Zaman (UTC)	Antalya_AllAngle_SC_mean	Antalya_AllAngle_SF_mean	Antalya_NearNadir_SC_mean	Antalya_NearNadir_SF_mean	Antalya_OffNadir_SC_mean	Antalya_OffNadir_SF_mean	DAG_AllAngle_SC_11x11_mean	DAG_AllAngle_SC_1x1_mean	DAG_AllAngle_SC_21x21_mean	DAG_AllAngle_SC_3x3_mean	DAG_AllAngle_SC_5x5_mean	DAG_AllAngle_SC_7x7_mean	DAG_AllAngle_SC_9x9_mean	DAG_AllAngle_SF_11x11_mean	DAG_AllAngle_SF_1x1_mean	DAG_AllAngle_SF_21x21_mean	DAG_AllAngle_SF_3x3_mean	DAG_AllAngle_SF_5x5_mean	DAG_AllAngle_SF_7x7_mean	DAG_AllAngle_SF_9x9_mean	DAG_NearNadir_SC_11x11_mean	DAG_NearNadir_SC_1x1_mean	DAG_NearNadir_SC_21x21_mean	DAG_NearNadir_SC_3x3_mean	DAG_NearNadir_SC_5x5_mean	DAG_NearNadir_SC_7x7_mean	DAG_NearNadir_SC_9x9_mean	DAG_NearNadir_SF_11x11_mean	DAG_NearNadir_SF_1x1_mean	DAG_NearNadir_SF_21x21_mean	DAG_NearNadir_SF_3x3_mean	DAG_NearNadir_SF_5x5_mean	DAG_NearNadir_SF_7x7_mean	DAG_NearNadir_SF_9x9_mean	DAG_OffNadir_SC_11x11_mean	DAG_OffNadir_SC_1x1_mean	DAG_OffNadir_SC_21x21_mean	DAG_OffNadir_SC_3x3_mean	DAG_OffNadir_SC_5x5_mean	DAG_OffNadir_SC_7x7_mean	DAG_OffNadir_SC_9x9_mean	DAG_OffNadir_SF_11x11_mean	DAG_OffNadir_SF_1x1_mean	DAG_OffNadir_SF_21x21_mean	DAG_OffNadir_SF_3x3_mean	DAG_OffNadir_SF_5x5_mean	DAG_OffNadir_SF_7x7_mean	DAG_OffNadir_SF_9x9_mean	Erzurum_AllAngle_SC_mean	Erzurum_AllAngle_SF_mean	Erzurum_NearNadir_SC_mean	Erzurum_NearNadir_SF_mean	Erzurum_OffNadir_SC_mean	Erzurum_OffNadir_SF_mean	TUG_AllAngle_SC_11x11_mean	TUG_AllAngle_SC_1x1_mean	TUG_AllAngle_SC_21x21_mean	TUG_AllAngle_SC_3x3_mean	TUG_AllAngle_SC_5x5_mean	TUG_AllAngle_SC_7x7_mean	TUG_AllAngle_SC_9x9_mean	TUG_AllAngle_SF_11x11_mean	TUG_AllAngle_SF_1x1_mean	TUG_AllAngle_SF_21x21_mean	TUG_AllAngle_SF_3x3_mean	TUG_AllAngle_SF_5x5_mean	TUG_AllAngle_SF_7x7_mean	TUG_AllAngle_SF_9x9_mean	TUG_NearNadir_SC_11x11_mean	TUG_NearNadir_SC_1x1_mean	TUG_NearNadir_SC_21x21_mean	TUG_NearNadir_SC_3x3_mean	TUG_NearNadir_SC_5x5_mean	TUG_NearNadir_SC_7x7_mean	TUG_NearNadir_SC_9x9_mean	TUG_NearNadir_SF_11x11_mean	TUG_NearNadir_SF_1x1_mean	TUG_NearNadir_SF_21x21_mean	TUG_NearNadir_SF_3x3_mean	TUG_NearNadir_SF_5x5_mean	TUG_NearNadir_SF_7x7_mean	TUG_NearNadir_SF_9x9_mean	TUG_OffNadir_SC_11x11_mean	TUG_OffNadir_SC_1x1_mean	TUG_OffNadir_SC_21x21_mean	TUG_OffNadir_SC_3x3_mean	TUG_OffNadir_SC_5x5_mean	TUG_OffNadir_SC_7x7_mean	TUG_OffNadir_SC_9x9_mean	TUG_OffNadir_SF_11x11_mean	TUG_OffNadir_SF_1x1_mean	TUG_OffNadir_SF_21x21_mean	TUG_OffNadir_SF_3x3_mean	TUG_OffNadir_SF_5x5_mean	TUG_OffNadir_SF_7x7_mean	TUG_OffNadir_SF_9x9_mean	Turkiye_AllAngle_SC_mean	Turkiye_AllAngle_SF_mean	Turkiye_NearNadir_SC_mean	Turkiye_NearNadir_SF_mean	Turkiye_OffNadir_SC_mean	Turkiye_OffNadir_SF_mean
2012-01-01	1.117659	1.101462	1.106917	0.986908	1.106360	1.157346	0.368371	0.556682	0.434038	0.379364	0.375424	0.367418	0.367837	0.004260	0.000000	0.086771	0.000000	0.000000	0.000000	0.000000	0.184959	0.504282	0.361699	0.180493	0.218895	0.187656	0.180327	0.000000	0.000000	0.076400	0.000000	0.000000	0.000000	0.000000	0.530605	0.707877	0.582982	0.640789	0.616680	0.560732	0.550446	0.008936	0.000000	0.107113	0.000000	0.000000	0.000000	0.000000	0.421711	0.232983	0.457858	0.209648	0.470989	0.265005	0.173441	0.527534	0.125461	0.185874	0.134206	0.113879	0.147964	0.112502	0.000000	0.143973	0.000000	0.000000	0.000000	0.039023	0.123523	0.000000	0.093517	0.061054	0.042254	0.021558	0.077593	0.071451	0.000000	0.096061	0.000000	0.000000	0.000000	0.021817	0.243707	0.523588	0.160858	0.240089	0.210601	0.211168	0.238331	0.141740	0.000000	0.189253	0.000000	0.000000	0.000000	0.046085	0.972577	0.751034	0.909281	0.661577	0.913024	0.822139
2013-01-01	1.203429	1.218389	1.207266	1.111712	1.204689	1.264228	0.176431	0.000000	0.236285	0.060091	0.130314	0.166540	0.170340	0.008593	0.000000	0.073749	0.000000	0.000000	0.000000	0.000000	0.049141	0.000000	0.167129	0.000000	0.000000	0.010887	0.038202	0.004670	0.000000	0.069682	0.000000	0.000000	0.000000	0.000000	0.153568	0.000000	0.232924	0.245662	0.225982	0.200313	0.162518	0.012915	0.000000	0.105802	0.000000	0.000000	0.000000	0.000000	0.463636	0.257813	0.528227	0.234937	0.455160	0.288784	0.049231	0.000000	0.046796	0.000000	0.000000	0.000000	0.028171	0.055013	0.000000	0.127557	0.000000	0.000000	0.000000	0.023660	0.047167	0.000000	0.051082	0.072785	0.046762	0.023858	0.040144	0.041408	0.000000	0.100067	0.000000	0.000000	0.000000	0.019988	0.053090	0.000000	0.067812	0.000000	0.023608	0.023647	0.044517	0.055187	0.000000	0.139409	0.000000	0.000000	0.000000	0.025745	1.011663	0.813720	1.010907	0.730263	0.869802	0.867776
2014-01-01	1.291609	1.270207	1.273399	1.166202	1.273544	1.306399	0.079667	0.000000	0.170429	0.000000	0.020536	0.042884	0.058803	0.000000	0.000000	0.025312	0.000000	0.000000	0.000000	0.000000	0.000000	0.000000	0.118276	0.000000	0.000000	0.000000	0.000000	0.000000	0.000000	0.022796	0.000000	0.000000	0.000000	0.000000	0.171479	0.000000	0.233134	0.195902	0.177734	0.136667	0.153545	0.000000	0.000000	0.036411	0.000000	0.000000	0.000000	0.000000	0.385065	0.256514	0.436082	0.232617	0.392294	0.280722	0.036179	0.000000	0.077393	0.000000	0.000000	0.000000	0.024226	0.043705	0.000000	0.066946	0.000000	0.000000	0.000000	0.022530	0.070035	0.000000	0.101970	0.000000	0.045322	0.046800	0.059428	0.022059	0.000000	0.041830	0.000000	0.000000	0.000000	0.006442	0.056377	0.000000	0.072835	0.056195	0.020230	0.010322	0.049993	0.048862	0.000000	0.090103	0.000000	0.000000	0.000000	0.023846	0.895866	0.834728	0.863544	0.748002	0.864388	0.889221
2015-01-01	1.365171	1.335368	1.344712	1.241407	1.345713	1.366555	0.227821	0.000000	0.294977	0.247224	0.242391	0.233235	0.231975	0.000000	0.000000	0.025355	0.000000	0.000000	0.000000	0.000000	0.210891	0.000000	0.279232	0.257761	0.235481	0.206774	0.210776	0.000000	0.000000	0.023060	0.000000	0.000000	0.000000	0.000000	0.270791	0.000000	0.318591	0.297736	0.265857	0.251621	0.269376	0.000000	0.000000	0.043008	0.000000	0.000000	0.000000	0.000000	0.520370	0.319082	0.560390	0.304241	0.526790	0.344543	0.024809	0.000000	0.038369	0.000000	0.000000	0.000000	0.006865	0.105978	0.000000	0.102472	0.000000	0.000000	0.000000	0.014305	0.032201	0.000000	0.034798	0.058799	0.063770	0.054399	0.032908	0.070174	0.000000	0.071454	0.000000	0.000000	0.000000	0.000000	0.024755	0.000000	0.027022	0.000000	0.000000	0.000000	0.006669	0.116030	0.000000	0.114576	0.000000	0.000000	0.000000	0.020578	1.154017	0.892928	1.085489	0.817243	1.015403	0.942620
2016-01-01	1.608039	1.436999	1.499571	1.361581	1.445824	1.458908	0.191978	0.000000	0.285906	0.118877	0.107084	0.156364	0.165266	0.000000	0.000000	0.047756	0.000000	0.000000	0.000000	0.000000	0.312483	0.590676	0.468746	0.310406	0.274822	0.280338	0.306770	0.000000	0.000000	0.046935	0.000000	0.000000	0.000000	0.000000	0.300281	0.540540	0.371663	0.371342	0.297437	0.286122	0.288081	0.000000	0.000000	0.052082	0.000000	0.000000	0.000000	0.000000	0.725211	0.345950	0.802758	0.323457	0.764835	0.377040	0.207188	0.000000	0.137318	0.000000	0.000000	0.034775	0.074486	0.291473	0.000000	0.147472	0.000000	0.000000	0.000000	0.127133	0.230898	0.000000	0.123372	0.000000	0.021461	0.076095	0.122528	0.215274	0.000000	0.104498	0.000000	0.000000	0.000000	0.120130	0.242067	0.000000	0.107092	0.000000	0.000000	0.000000	0.067019	0.312470	0.000000	0.172839	0.000000	0.000000	0.000000	0.128403	1.283052	0.961806	1.195491	0.889749	1.075127	1.008898
2017-01-01	1.586047	1.537094	1.592119	1.464391	1.577176	1.572922	0.426984	0.600096	0.591564	0.594086	0.470609	0.441755	0.439004	0.009249	0.000000	0.088248	0.000000	0.000000	0.000000	0.000000	0.351090	0.000000	0.682141	0.385605	0.358839	0.347500	0.352869	0.004362	0.000000	0.069957	0.000000	0.000000	0.000000	0.000000	0.383162	0.639189	0.518529	0.474818	0.415066	0.390582	0.382824	0.018538	0.000000	0.092016	0.000000	0.000000	0.000000	0.012548	0.685473	0.388142	0.824120	0.371750	0.661332	0.413743	0.249176	0.000000	0.091815	0.000000	0.021747	0.053979	0.183050	0.276944	0.000000	0.132535	0.000000	0.000000	0.000000	0.111284	0.222033	0.000000	0.079262	0.000000	0.000000	0.013795	0.157211	0.234756	0.000000	0.125504	0.000000	0.000000	0.000000	0.095117	0.265811	0.000000	0.115312	0.055607	0.063100	0.094997	0.208517	0.307126	0.000000	0.150075	0.000000	0.000000	0.020704	0.122369	1.393783	1.051814	1.417953	0.975828	1.203522	1.102681
2018-01-01	1.721017	1.714557	1.716663	1.645247	1.711533	1.749473	0.241809	0.000000	0.338215	0.291723	0.235296	0.208975	0.209650	0.000000	0.000000	0.030515	0.000000	0.000000	0.000000	0.000000	0.258400	0.551021	0.351769	0.246208	0.278770	0.234380	0.240035	0.000000	0.000000	0.029257	0.000000	0.000000	0.000000	0.000000	0.139634	0.000000	0.218097	0.123603	0.135461	0.138083	0.135815	0.000000	0.000000	0.043356	0.000000	0.000000	0.000000	0.000000	0.673865	0.408724	0.769450	0.390199	0.649808	0.438679	0.112397	0.000000	0.052956	0.061594	0.068203	0.059379	0.106120	0.082986	0.000000	0.040036	0.000000	0.000000	0.000000	0.035670	0.121050	0.000000	0.082074	0.000000	0.080118	0.073487	0.105415	0.095041	0.000000	0.037448	0.000000	0.000000	0.000000	0.030216	0.107150	0.000000	0.057427	0.057685	0.069306	0.075518	0.094243	0.077338	0.000000	0.040368	0.000000	0.000000	0.000000	0.035787	1.304024	1.138384	1.292976	1.073070	1.169894	1.188538
2019-01-01	1.846587	1.770338	1.790991	1.730388	1.785676	1.799759	0.278965	0.507360	0.350126	0.238443	0.224563	0.238026	0.253536	0.000000	0.000000	0.033897	0.000000	0.000000	0.000000	0.000000	0.326166	0.000000	0.388233	0.286372	0.310605	0.327249	0.322584	0.000000	0.000000	0.031743	0.000000	0.000000	0.000000	0.000000	0.232706	0.000000	0.319453	0.000000	0.114540	0.181097	0.196115	0.004157	0.000000	0.058385	0.000000	0.000000	0.000000	0.000000	0.803039	0.440985	0.853713	0.414140	0.811681	0.470170	0.051502	0.000000	0.054447	0.000000	0.000000	0.000000	0.030209	0.057359	0.000000	0.047017	0.000000	0.000000	0.000000	0.035559	0.071918	1.469338	0.052060	0.397941	0.242461	0.123704	0.082837	0.071943	0.000000	0.045672	0.000000	0.000000	0.000000	0.046071	0.078245	0.000000	0.054410	0.000000	0.000000	0.000000	0.058895	0.051713	0.000000	0.053861	0.000000	0.000000	0.000000	0.032460	1.584194	1.206473	1.426834	1.150282	1.286522	1.263052
2020-01-01	1.847592	1.814966	1.849048	1.759603	1.823906	1.842301	0.238525	0.554392	0.321461	0.235985	0.232682	0.257850	0.242961	0.000000	0.000000	0.040080	0.000000	0.000000	0.000000	0.000000	0.373005	0.562734	0.416549	0.414435	0.378418	0.387242	0.393838	0.000000	0.000000	0.040566	0.000000	0.000000	0.000000	0.000000	0.158338	0.000000	0.274622	0.067963	0.046601	0.096853	0.136634	0.000000	0.000000	0.041744	0.000000	0.000000	0.000000	0.000000	0.780564	0.418605	0.833624	0.407992	0.758566	0.434103	0.130311	0.000000	0.066973	0.000000	0.000000	0.037742	0.080558	0.079081	0.000000	0.111211	0.000000	0.000000	0.000000	0.039940	0.114893	0.000000	0.069613	0.000000	0.000000	0.043676	0.081689	0.096545	0.000000	0.114537	0.000000	0.000000	0.000000	0.064822	0.135397	0.000000	0.088540	0.000000	0.027464	0.035608	0.079128	0.068383	0.000000	0.111995	0.000000	0.000000	0.000000	0.035112	1.445614	1.215453	1.495010	1.174032	1.333010	1.259701
2021-01-01	2.007123	2.012163	2.021399	1.980356	2.015240	2.041347	0.427773	0.858983	0.452481	0.724252	0.565188	0.468365	0.430935	0.009511	0.000000	0.082642	0.000000	0.000000	0.000000	0.000000	0.354302	0.946789	0.407029	0.779505	0.582465	0.422518	0.374047	0.008886	0.000000	0.074848	0.000000	0.000000	0.000000	0.000000	0.395376	0.808693	0.402146	0.722942	0.581753	0.471643	0.411431	0.031565	0.000000	0.095462	0.056183	0.040985	0.031645	0.025673	0.800958	0.438244	0.907249	0.424316	0.795605	0.458972	0.052418	0.000000	0.082838	0.000000	0.000000	0.000000	0.030999	0.092978	0.000000	0.146926	0.000000	0.000000	0.000000	0.053598	0.174938	0.000000	0.197453	0.130676	0.099208	0.076098	0.147235	0.103437	0.000000	0.143862	0.000000	0.000000	0.000000	0.061392	0.076013	0.000000	0.124325	0.060361	0.021730	0.022070	0.038814	0.094373	0.000000	0.152657	0.000000	0.000000	0.000000	0.056393	1.729568	1.336988	1.714697	1.286441	1.512248	1.394063
2022-01-01	2.268763	2.235233	2.239534	2.135429	2.243221	2.288069	0.505181	0.780493	0.495015	0.707492	0.618568	0.595768	0.535084	0.048530	0.000000	0.142596	0.000000	0.000000	0.000000	0.025318	0.315978	0.000000	0.365519	0.287833	0.270848	0.299766	0.328173	0.000000	0.000000	0.064802	0.000000	0.000000	0.000000	0.000000	0.499032	0.745583	0.499413	0.694925	0.659783	0.569055	0.525618	0.150107	0.545930	0.248966	0.180780	0.126171	0.119090	0.118566	0.831986	0.500810	1.018455	0.459904	0.799591	0.550354	0.168211	0.509744	0.224101	0.182456	0.065684	0.082011	0.132990	0.144732	0.000000	0.228034	0.115518	0.061966	0.078946	0.115734	0.312250	1.273991	0.301756	0.344384	0.240338	0.223060	0.292271	0.111532	0.000000	0.140007	0.000000	0.000000	0.021926	0.078371	0.230536	0.000000	0.273932	0.062118	0.046120	0.093083	0.188477	0.130321	0.000000	0.232223	0.000000	0.000000	0.046134	0.099554	2.034924	1.482102	2.085672	1.378277	1.630569	1.567140
2023-01-01	2.494778	2.500271	2.463682	2.272858	2.490161	2.607042	0.566286	0.624686	0.597498	0.656951	0.611641	0.569762	0.559790	0.295277	0.543513	0.336491	0.412188	0.312260	0.297371	0.291610	0.379613	0.582831	0.459653	0.488225	0.441367	0.355050	0.363111	0.040044	0.000000	0.167357	0.000000	0.000000	0.000000	0.025781	0.584952	0.561110	0.618743	0.561206	0.568189	0.550760	0.549492	0.600940	0.619196	0.657490	0.621084	0.603332	0.579537	0.588522	1.182869	0.572674	1.217911	0.493453	1.181446	0.850336	0.391077	0.671728	0.443833	0.280521	0.273513	0.273800	0.330126	0.485106	0.645085	0.492918	0.625493	0.544570	0.500171	0.491714	0.258056	0.506027	0.261448	0.112558	0.144006	0.154251	0.222843	0.093695	0.000000	0.129255	0.000000	0.000000	0.000000	0.052411	0.365185	0.000000	0.477389	0.121782	0.254719	0.232861	0.296944	0.507198	0.538573	0.522480	0.559425	0.477609	0.510766	0.500899	1.973231	1.660177	1.932740	1.463915	1.801765	1.850908
2024-01-01	2.495166	2.414434	2.448278	2.309849	2.427002	2.446110	0.557508	0.723826	0.567809	0.676859	0.641130	0.600006	0.579032	0.008440	0.000000	0.051172	0.000000	0.000000	0.000000	0.000000	0.405793	1.174910	0.503003	0.592480	0.440427	0.400587	0.394854	0.000000	0.000000	0.031815	0.000000	0.000000	0.000000	0.000000	0.540020	0.730801	0.555968	0.692254	0.641419	0.600263	0.569235	0.145937	0.623358	0.203065	0.437330	0.262374	0.165704	0.147784	1.087512	0.475400	1.228632	0.432659	1.163339	0.551478	0.496381	0.780495	0.512745	0.425269	0.376277	0.399327	0.466280	0.124329	0.000000	0.175540	0.000000	0.000000	0.043130	0.091896	0.178693	0.000000	0.220969	0.102103	0.057950	0.041307	0.132968	0.057566	0.000000	0.096685	0.000000	0.000000	0.000000	0.033565	0.102300	0.000000	0.147813	0.070316	0.025314	0.024760	0.060478	0.124312	0.000000	0.164049	0.000000	0.000000	0.031848	0.084574	1.830075	1.548523	1.804617	1.428113	1.695384	1.644002
2025-01-01	2.727495	2.778908	2.705558	2.647565	2.720847	2.861473	0.690304	1.369339	0.607872	1.114820	0.847685	0.752316	0.712284	0.619876	1.418707	0.541697	0.933907	0.741967	0.661247	0.635237	0.625025	1.040941	0.608189	1.283743	0.872011	0.737288	0.657334	0.569890	1.415210	0.527259	0.889992	0.658661	0.606841	0.574280	0.766784	1.357185	0.681404	1.270008	0.963601	0.837397	0.787189	0.640758	1.617243	0.570347	0.993165	0.782617	0.714129	0.664384	1.075838	0.648757	1.149796	0.604517	1.105503	0.738669	0.155744	0.531204	0.172731	0.183101	0.135688	0.128066	0.137987	0.332995	0.515317	0.373300	0.347731	0.277088	0.270935	0.322342	0.119214	0.000000	0.140695	0.065548	0.097555	0.109304	0.094554	0.113461	0.000000	0.142316	0.000000	0.000000	0.039567	0.093479	0.131948	0.000000	0.188674	0.000000	0.043143	0.080599	0.116952	0.461430	0.500727	0.505111	0.408855	0.389723	0.389100	0.442725	2.174423	1.857335	2.084116	1.717540	1.947139	1.995078
